#TITLE:Kind Lady;
#SUBTITLE:;
#ARTIST:OKUYATOS;
#TITLETRANSLIT:01Kind Lady;
#SUBTITLETRANSLIT:;
#ARTISTTRANSLIT:;
#CREDIT:;
#BANNER:Kind Lady.png;
#BACKGROUND:Kind Lady-bg.png;
#LYRICSPATH:Kind Lady.lrc;
#CDTITLE:Dance Dance Revolution Extreme.png;
#MUSIC:Kind Lady.mp3;
#OFFSET:-0.051;
#SAMPLESTART:42.680;
#SAMPLELENGTH:15.000;
#SELECTABLE:YES;
#DISPLAYBPM:135.000;
#BPMS:0.000=135.000;
#STOPS:;
#BGCHANGES:;

//---------------dance-single - ----------------
#NOTES:
     dance-single:
     :
     Easy:
     4:
     0.300,0.318,0.166,0.254,0.000:


0000
0000
0000
0000
,
0000
0000
0000
0000
,
0000
0000
0000
0000
,
0010
0000
0010
0000
,
2000
0000
3010
0100
,
0002
0000
1003
0100
,
0010
0001
0100
1000
,
0010
1000
0001
0000
,
1001
0000
0100
0000
,
0010
1000
0100
0001
,
0010
1001
0100
1001
,
0010
1000
0200
0300
,
0001
0011
1000
1100
,
0010
1000
0001
0100
,
0002
0003
2000
3000
,
0002
0203
0010
0300
,
1000
0001
0100
0000
,
1000
0100
0001
0100
,
0010
0000
1000
0000
,
0010
2000
0002
3003
,
0110
0000
1000
0010
,
0100
0001
1000
0000
,
0001
0101
1000
1100
,
0010
0100
0002
0003
,
1000
0100
0010
0001
,
1000
1000
0001
0001
,
0020
0030
0002
0003
,
2000
3000
0200
0300
,
0010
0010
1000
0101
,
1000
1000
0010
1100
,
0010
1000
0100
0001
,
0010
0001
0100
1000
,
2002
0000
0000
3003
,
0010
0100
0001
1000
,
0001
0100
0020
0130
,
0002
0013
2000
3001
,
0200
0000
0310
1000
,
0200
0000
0310
0001
,
0100
1100
0010
0011
,
1000
0001
0100
0000
,
0001
0001
0100
0010
,
1000
0001
1000
0010
,
0100
0100
1000
0001
,
0100
0010
2002
3003
,
1000
1000
0001
0001
,
1000
0100
0001
0100
,
1000
1000
0010
0010
,
1000
0100
0001
0010
,
1001
0000
0000
0000
;

//---------------dance-single - ----------------
#NOTES:
     dance-single:
     :
     Medium:
     6:
     0.387,0.372,0.232,0.409,0.017:


0000
0000
0000
0000
,
0000
0000
0000
0000
,
0000
0000
0000
0000
,
0020
0030
2000
3000
,
0001
0100
0010
1000
,
0002
0003
2200
3300
,
0010
0100
0002
1003
,
0100
0010
2002
3003
,
0010
0000
1000
0000
0001
0010
0100
0000
,
1000
0000
0001
0000
0100
0010
0100
0000
,
1000
0010
0100
0000
0001
0100
1000
0000
,
0010
1000
0202
0303
,
0010
1000
0001
0100
,
0020
1030
0200
0310
,
0002
0000
0103
0000
0010
1000
0001
0000
,
0100
0000
0000
0010
0000
0000
2002
0000
0000
0000
0000
0000
3003
0000
0000
0000
,
0010
1000
0100
1001
,
0002
0103
2000
3100
,
0001
1000
0100
0001
,
1000
0000
0000
0100
0000
0000
0020
0000
0000
0000
0000
0000
0030
0000
0000
0000
,
0001
0100
0010
1000
,
0002
1003
0020
0130
,
1000
0100
0010
0001
,
1000
0000
0002
0200
0000
0000
0303
0000
,
1000
0001
0100
0000
0010
0100
0010
0000
,
0001
1010
1000
0101
,
0010
1001
0100
1001
,
0100
0000
0000
0001
0000
0000
0010
0000
0000
0000
0000
0000
0100
0000
0000
0000
,
0001
0011
1000
1100
,
0001
0000
0100
0000
0001
1000
0100
0000
,
0002
0103
2000
3100
,
0001
0100
0001
1000
0001
0000
0110
0000
,
0002
1000
0000
1003
,
0200
0320
0031
1001
,
2000
0001
0000
3001
,
0200
0320
1030
1001
,
0100
0010
1000
0100
,
0010
1100
0010
0101
,
1000
0000
0010
0000
1000
0010
0100
0000
,
0001
1000
0100
0000
0010
0000
1001
0000
,
0010
0100
0001
0000
0100
0010
0100
0000
,
2000
3010
0002
0103
,
1000
0010
0100
0000
0001
1000
0100
0000
,
0001
0010
2002
3003
,
0010
1000
0100
0000
0001
1000
0001
0000
,
0200
0301
1000
0110
,
2000
3100
0002
0013
,
1000
0100
0010
1100
,
0110
0000
0000
0000
;

//---------------dance-single - ----------------
#NOTES:
     dance-single:
     :
     Hard:
     7:
     0.450,0.398,0.144,0.453,0.033:
0000
0000
0000
0000
,
0000
0000
0000
0000
,
0000
0000
0000
0000
,
0010
0000
0000
1000
0000
0000
0001
0000
0200
0000
0000
0000
0301
0000
0000
0000
,
0010
0001
0100
0000
0010
1000
0100
0000
,
0002
0103
2000
3001
,
0010
0000
0000
0100
0000
0000
0001
0000
2000
0000
0000
0000
3000
0000
0000
0000
,
0100
0001
1000
0100
0010
0001
0100
0000
,
0022
0000
0033
0000
1000
0001
0100
0000
,
0010
0100
0001
1000
0001
0100
0010
0000
,
1000
0010
0100
0000
0001
1000
0100
0000
,
0010
0001
0220
0330
,
0001
1000
0100
0000
0010
0001
0100
0000
,
0020
0000
1030
0000
0001
1000
0100
0000
,
0010
0100
1000
0000
0001
0100
0010
0000
,
1000
0000
0000
0010
0000
0000
2002
0000
0000
0000
0000
0000
3003
0000
0000
0000
,
0200
0000
0300
0000
0010
0100
0010
1000
,
0002
0000
0003
0000
0100
0010
1000
0100
,
0020
0030
0011
1100
,
0001
0000
0000
0100
0000
0000
2020
0000
0000
0000
0000
0000
3030
0000
0000
0000
,
0001
1000
0100
0000
0010
0001
0100
0000
,
2000
0000
3100
0000
0010
0001
0100
0000
,
0001
1000
0100
0000
0010
0001
0100
0010
,
1000
0000
0000
0020
0000
0000
0200
0000
0000
0000
0000
0000
0330
0000
0000
0000
,
1000
0001
0100
0010
0100
0001
1000
0000
,
0002
2003
3200
0310
,
0001
0010
0100
0000
0001
1000
0100
0000
,
0020
0000
0000
1000
0030
0000
0200
0000
0000
0000
0000
0000
0300
0000
0000
0000
,
0010
0100
1000
0001
0100
0010
0100
0000
,
2000
3002
0203
0310
,
2000
0000
3010
0100
0010
1000
0001
0000
,
2000
3200
0320
0030
,
0001
0000
1000
0001
0100
0010
1000
0001
,
0100
0001
0000
1000
0000
0010
0000
0000
,
1000
0000
0100
0010
0001
0100
0001
1000
,
0020
0000
0230
0000
0301
1000
0001
0000
,
2000
0000
3020
0000
1030
0001
1000
0000
,
0200
0320
0032
1003
,
0010
0101
0110
1001
,
0010
0100
0001
0000
1000
0001
0100
0000
,
0010
0100
0010
0000
0001
1000
0100
0000
,
0010
0001
1000
0000
0100
0010
0001
0000
,
1000
0010
0100
0000
0001
1000
0010
0000
,
0100
0001
1000
0000
2020
0000
3030
0000
,
0001
1000
0100
0000
0010
0100
0010
0000
,
0001
1000
0100
0010
0002
0000
0103
0000
,
1000
0001
0100
0000
0010
0100
0010
0000
,
0011
0000
1100
0000
0001
0100
0010
0000
,
1001
0000
0000
0000
;

//---------------dance-double - ----------------
#NOTES:
     dance-double:
     :
     Easy:
     4:
     0.259,0.318,0.111,0.155,0.000:


00000000
00000000
00000000
00000000
,
00000000
00000000
00000000
00000000
,
00000000
00000000
00000000
00000000
,
00000000
00000000
00000000
00000000
,
00020000
00030000
00002000
00003000
,
00000200
00000300
00000002
00000003
,
00002000
00000000
00000000
00003000
,
00000010
00000100
00001000
00000000
,
00011000
00000000
00010000
00000000
,
00100000
10000000
00010000
01000000
,
00100000
00000000
00010000
00000000
,
00001000
00000001
00000100
00000000
,
00000001
00001000
00000001
00000100
,
00000010
00000001
00000100
00001000
,
00010000
00000000
01000000
10000000
,
00010000
10000000
02000000
03000000
,
10010000
00000000
00100000
00000000
,
00010000
00001000
00000010
00000001
,
00000100
00000000
00000100
00000000
,
00000001
00000100
00002000
00003000
,
00010000
00100000
10000000
01000000
,
00100000
00010000
01000000
01000000
,
00100000
00010000
00001000
00000100
,
00000001
00000010
00002000
00003000
,
00010000
01000000
20000000
30000000
,
00100000
01000000
10000000
10000000
,
00020000
00030000
02000000
03000000
,
00100000
10000000
01000000
00010000
,
00000000
00001000
00000100
00000001
,
00001000
00000010
00002000
00003000
,
00000100
00001000
00010000
01000000
,
20000000
30000000
00020000
00030000
,
10010000
00000000
00000000
00000000
,
01000000
00010000
00000010
00000100
,
00000001
00001000
00000010
00000001
,
00000100
00001000
00000001
00000100
,
00001001
00000000
00000000
00000000
,
00000001
00000010
00001000
00010000
,
00010000
00100000
10000000
01000000
,
00010000
00001000
00000100
00000001
,
00001001
00000000
00000010
00000000
,
00001000
00000001
00000100
00000010
,
00001001
00000100
00000010
00001000
,
00010000
01000000
10010000
00000000
,
00100000
01000000
00100000
00001000
,
00000100
00000001
00001000
00000100
,
00000010
00001001
00000100
00001001
,
00000010
00001000
00010000
00100000
,
10010000
00000000
00000000
00000000
;

//---------------dance-double - ----------------
#NOTES:
     dance-double:
     :
     Medium:
     5:
     0.311,0.345,0.100,0.166,0.000:


00000000
00000000
00000000
00000000
,
00000000
00000000
00000000
00000000
,
00000000
00000000
00000000
00000000
,
00000000
00000000
00000000
00000000
,
00100000
10000000
01000000
00010000
,
00001000
00000100
00000001
00000010
,
00001000
00010000
00100000
10000000
,
02000000
00000000
03200000
00300000
,
10010000
00000000
01000000
00000000
00100000
00010000
10000000
00000000
,
00100000
00000000
00010000
00000000
00001000
00010000
00001000
00000000
,
00000100
00000000
00000010
00000000
00001000
00000001
00001000
00000000
,
00000002
00000003
00002000
00003000
,
00000010
00000000
00001000
00000000
00010000
01000000
10000000
00000000
,
01000000
00100000
00010000
01000000
,
10000000
01000000
00010000
00001000
,
00000200
00000300
00000020
00000030
,
00001001
00000010
00000100
00001000
,
00010000
00000100
00010000
01000000
,
10000000
00100000
01000000
00010000
,
20000000
30000000
02000000
03000000
,
00010000
00000010
00000100
00000001
,
00000010
00000100
00001000
00000100
,
00000002
00000003
00000200
00000300
,
00001000
00010000
02000000
03000000
,
10010000
01000000
00010000
10000000
,
00100000
00000000
00010000
00000000
00001000
00010000
00000100
00000000
,
00000020
00000030
00000002
00000003
,
00001000
00000000
00000100
00000000
00000010
00000001
00000100
00000000
,
00000000
00000010
00000100
00001000
,
00100000
00000000
01000000
00000000
10000000
00010000
01000000
00000000
,
00200000
00300000
20000000
30000000
,
01000000
00100000
00010000
01000000
,
10010000
00000000
01000000
00000000
00100000
10000000
01000000
00000000
,
00000000
00000000
00100000
00000000
00001000
00010000
00001000
00000000
,
00000100
00000000
00010000
00000000
00001000
00010000
00000010
00000000
,
00000100
00000000
00001000
00000000
00000010
00010000
00000100
00000000
,
00000000
00001100
00001000
00010000
,
01000000
00000000
10000000
00000000
00100000
10000000
01000000
00000000
,
00100000
10000000
00010000
01000000
,
00100000
00010000
00001000
00000010
,
00001001
00000100
00001001
00000100
,
00010000
00000000
00100000
00000000
01000000
10000000
00010000
00000000
,
01100000
00010000
01100000
10000000
,
00100000
00010000
00000010
00000000
,
00000001
00000010
00000100
00001000
,
00010000
00000000
01000000
00000000
10000000
00010000
01000000
00000000
,
00100000
00100000
10000000
10000000
,
01000000
00000000
00010000
00000000
00001000
00000000
00000100
00000001
,
00001000
00000000
00000000
00000000
;

//---------------dance-double - ----------------
#NOTES:
     dance-double:
     :
     Hard:
     8:
     0.382,0.372,0.033,0.088,0.000:


00000000
00000000
00000000
00000000
,
00000000
00000000
00000000
00000000
,
00000000
00000000
00000000
00000000
,
00000000
00000000
00000000
00000000
,
00000010
00000001
00000100
00000000
00000010
00001000
00000100
00000000
,
00000010
00001000
00010000
00000000
00100000
10000000
01000000
00000000
,
00100000
00010000
01000000
00000000
00010000
00000000
10000000
00000000
,
00100000
00010000
00000100
00000010
00000001
00000100
00000010
00000000
,
00001001
00000000
00000010
00000100
00010000
00000000
00000000
00000000
,
00100000
10000000
00010000
00000000
00100000
00000000
00020000
00000000
,
10030000
00000000
00100000
10000000
01000000
00000000
00010000
00000000
,
00000100
00001000
00000002
00000003
,
00000000
00000010
00000001
00000100
00000010
00001000
00000100
00000000
,
00000010
00000000
00000001
00000000
00001000
00000001
00000100
00000000
,
00001000
00000000
00010000
00000000
01000000
00000000
00100000
00010000
,
10000000
02000000
00200000
03300000
,
10010000
00000000
00100000
00010000
00001000
00000000
00000000
00000000
,
00000010
00000001
00001000
00000000
00000010
00001000
00000001
00000000
,
00000000
00000000
00000010
00000001
00000100
00000000
00001000
00000000
,
00100000
01000000
20000000
30000000
,
00000000
10000000
00010000
01000000
00100000
01000000
00010000
00000000
,
10000000
00000000
01000000
00000000
00010000
00001000
00000100
00000000
,
00000001
00000000
00001000
00000000
00000100
00000000
00000010
00000001
,
00001000
00000000
00000002
00000200
00000000
00000000
00000303
00000000
,
00000010
00010000
00100000
10000000
,
01000000
00000000
00010000
00000000
00100000
10000000
01000000
00000000
,
00100000
00000000
00010000
00000000
10000000
00010000
01000000
00000000
,
00100000
00000000
00010000
00000000
00000100
00000000
00000010
00000001
,
00000100
00001001
00000010
00000100
,
00000020
00000001
00001000
00000031
,
00001000
01000000
00100000
10000000
,
00010000
00000000
00100000
01000000
00100000
00000000
10000000
00010000
,
10000000
00000000
01000000
00000000
10000000
00010000
01000000
00000000
,
00010000
00000000
00000100
00000000
00000001
00000010
00000001
00000000
,
00000010
00000100
00001000
00000001
00000100
00001000
00010000
01000000
,
10000000
00000000
00010000
00000000
01000000
00010000
01000000
00000000
,
00100000
00000000
10000000
00000000
01000000
00010000
00001000
00000100
,
00000001
00000010
00000100
00001000
00000001
00001000
00000010
00000000
,
00000100
00000000
00000010
00000100
00000001
00001000
00000001
00000100
,
00001000
00000000
00010000
00001000
00000000
01000000
00100000
00000000
,
10000000
01000000
00100000
00000000
00010000
10000000
01000000
00000000
,
00010000
00001000
00000100
00000001
00001000
00000010
00000100
00000000
,
00000001
00001000
00000010
00000000
00001000
00000001
00000100
00000000
,
00000001
00000100
00001000
00010000
01000000
10000000
00010000
00000000
,
10000000
01000000
00000000
01000000
00010000
01000000
00000000
01000000
,
00100000
10000000
01000000
00010000
00001000
00000100
00000001
00000000
,
00000010
00000001
00000100
00000000
00001000
00000001
00000100
00000000
,
00000001
00000100
00001000
00010000
,
01000000
00000000
00000000
00000000
;

//---------------dance-single - ----------------
#NOTES:
     dance-single:
     :
     Beginner:
     1:
     0.139,0.186,0.100,0.000,0.000:


0000
0000
0000
0000
,
0000
0000
0000
0000
,
0000
0000
0000
0000
,
0000
0000
0000
0000
,
0110
0000
0000
0000
,
0000
0000
0000
0000
,
0110
0000
0000
0000
,
0000
0000
0000
0000
,
1000
0000
0000
0000
,
1000
0000
1000
0000
,
0001
0000
0000
0000
,
0001
0001
0000
0000
,
0010
0000
1000
0000
,
0010
0000
1000
0000
,
0010
0000
0010
0000
,
0010
0000
0010
0000
,
1000
0000
0000
0000
,
1000
0000
1000
0000
,
0001
0000
0000
0000
,
0001
0001
0000
0000
,
0100
0000
0001
0000
,
0100
0000
0001
0000
,
0100
0000
0100
0000
,
0100
0000
0100
0000
,
0010
0000
0110
0000
,
0100
0000
0100
0000
,
0100
0000
1000
0000
,
0100
0000
1000
0000
,
0010
0000
0010
0000
,
0010
0000
0010
0000
,
0100
0000
0110
0000
,
0100
0000
0110
0000
,
0010
0000
0010
0000
,
0010
0000
0010
0000
,
0001
0000
0010
0000
,
0001
0000
0010
0000
,
0010
0000
0110
0000
,
0010
0000
0010
0000
,
1000
0000
0100
0000
,
1000
0000
0100
0000
,
0010
0000
0110
0000
,
1000
0000
0100
0000
,
0100
0000
1000
0000
,
1000
0000
0100
0000
,
0010
0000
0110
0000
,
1000
0000
0100
0000
,
0100
0000
1000
0000
,
1000
0000
0100
0000
,
0110
0000
0000
0000
;

//---------------dance-single - ----------------
#NOTES:
     dance-single:
     :
     Challenge:
     9:
     0.637,0.637,0.111,0.199,0.708:
0000
0000
0000
0000
,
0000
0000
0000
0000
,
0000
0000
0000
0000
,
0000
0000
0000
0000
,
2001
0000
0000
0010
3000
0000
0100
0000
0001
0000
0000
1000
0000
0000
0001
0010
,
0200
0000
0000
1000
0300
0000
0100
0000
0020
0000
0000
0030
0010
0000
0000
0000
,
0002
0000
0000
1000
0003
0000
0020
0000
0100
0000
0031
1000
0000
0000
0100
0000
,
1000
0001
0000
0100
0001
0100
0000
0010
1000
0001
1000
0100
0010
0000
0011
0000
,
1001
0000
0100
0000
0010
0000
1000
0001
0000
0001
0000
0010
0100
0000
0000
0000
,
0010
0000
0001
0000
1000
0010
0000
0100
0000
0001
0000
1000
0100
0001
0000
0000
,
0100
0000
0010
0001
1000
0000
0001
0100
0000
0100
0000
0010
1000
0000
0001
0000
,
0020
0000
0000
0130
0000
1000
0010
0000
0100
0000
0000
0100
0001
0100
1000
0000
,
0100
0000
0010
0000
0100
0000
0001
0000
1000
0100
0000
0100
0010
0000
0001
0000
,
0100
0010
0000
0100
0000
1000
0000
0100
0000
0010
0000
1000
0001
0010
0000
0000
,
0100
0000
1000
0000
0010
0000
0100
0000
0001
0010
0000
0010
0001
0000
0100
0000
,
0010
0000
0000
0010
1000
0000
0001
0000
0100
0001
0000
1000
0000
1000
0000
0000
,
1001
0000
0100
0001
1000
0000
0100
0010
0000
0010
0000
0001
1000
0000
0001
0000
,
0100
0000
0010
1000
0000
0001
0000
1000
0000
0001
0000
0010
0100
1000
0000
0000
,
0001
0000
0100
0010
1000
0000
0001
0010
0000
0010
0000
0001
0100
0000
0010
0000
,
2000
0000
0000
3001
0000
1000
0010
0000
0100
0000
0000
0001
0010
0100
0010
0000
,
0001
0000
0100
0000
1000
0000
0100
0000
0010
1000
0000
1000
0001
0000
0010
0000
,
0100
0010
0000
0100
0000
1000
0000
0001
0000
0100
0000
0010
1000
0001
0000
0000
,
0010
0000
0100
0000
0010
0000
0001
0000
1000
0010
0000
0100
0001
0000
1000
0000
,
0010
0000
1000
0100
0010
0000
0001
0000
1000
0000
0001
0010
0100
0000
0010
0000
,
1001
0000
0000
0010
1000
0000
0001
0000
0020
0000
0000
0130
1000
0000
0001
0000
,
0100
0000
0010
0000
1000
0010
0000
0100
0000
0001
0000
0000
0100
0000
0010
0000
,
0001
0010
0000
1000
0000
1000
0001
0000
0020
0000
0000
0130
1000
0000
0010
0000
,
0100
0000
0000
0100
0001
0000
1000
0000
0001
0000
0100
0000
0010
0000
1000
0000
,
0100
0000
0001
0100
0000
0010
0001
0000
2000
0000
0000
3001
0100
0000
0010
0000
,
1000
0001
0010
0001
1000
0001
0100
0001
,
0010
0000
0000
0001
0000
1000
0100
0000
2000
0000
0000
3010
0100
0000
0001
0000
,
1000
0100
0010
0100
0001
0100
0010
0100
,
1000
0000
0010
0000
0100
0000
0010
0100
0002
0000
0000
0013
0100
0000
1000
0000
,
0001
0000
0010
0000
0001
0000
0100
0010
1000
0000
0010
0000
0100
0000
0001
0000
,
1000
0000
0000
0100
0000
0100
0010
0000
0002
0000
0000
1003
0001
0000
1000
0000
,
0010
0100
0001
0100
1000
0100
0010
0100
,
0001
0000
0001
0000
1000
0000
0100
0000
0020
0000
0000
0031
1000
0000
0100
0000
,
1000
0010
0100
0010
0001
0010
0100
0010
,
1000
0000
0000
0001
0000
0100
0010
0000
2000
0000
0000
3001
0010
0000
0100
0000
,
1001
0010
0001
0010
0100
0010
1001
0001
,
0101
0000
0100
0000
0010
1000
0000
1000
0001
0000
0010
0000
0000
0000
0100
0000
,
1000
0000
0001
0000
0010
0001
0000
0100
0000
0010
0000
0100
0000
0002
0000
0003
,
1000
0000
0100
0000
0010
0001
0000
0001
1000
0000
0010
0000
0100
0001
0000
1000
,
0010
0000
1000
0000
0100
0010
0000
2002
0000
0000
3003
0000
0100
0000
0000
0000
,
0010
0000
1000
0000
0000
0001
0100
0000
0010
0000
1000
0000
0000
0100
0000
0100
,
0010
0000
0100
0000
0010
0001
0000
1000
0000
0010
0000
0100
0000
0001
0000
0000
,
0010
0000
0100
0000
0000
0010
0000
0010
0001
0000
1000
0000
0000
0010
0000
0100
,
0001
0000
1000
0000
0100
0010
0000
0001
0000
1000
0010
0000
0100
0000
0001
0000
,
1001
0000
0000
0000
;

//---------------dance-double - ----------------
#NOTES:
     dance-double:
     :
     Challenge:
     9:
     0.610,0.557,0.100,0.022,0.708:
00000000
00000000
00000000
00000000
,
00000000
00000000
00000000
00000000
,
00000000
00000000
00000000
00000000
,
00000000
00000000
00000000
00000000
,
10010000
00000000
00000000
10000000
00000000
00000000
00100000
00000000
01000000
00000000
00000000
00001000
00000000
00000000
00010000
00001000
,
00010000
00000000
00000000
00000100
00000000
00000000
00000010
00000000
00001000
00000000
00000000
00000000
00001000
00000000
00000000
00000000
,
00000010
00000000
00000000
00000001
00000000
00000000
00000100
00000000
00001000
00000000
00010000
00001000
00000000
00000000
00100000
00000000
,
00010000
10000000
00000000
01000000
00100000
01000000
00000000
00100000
00010000
00100000
00001000
00010000
00001000
00000000
00010000
00000000
,
00011000
00000000
00001000
00000000
00010000
00000000
00000100
00001000
00000000
00001000
00000000
00000010
00001000
00000000
00000000
00000000
,
00000001
00000000
00000010
00000000
00000100
00010000
00000000
00001000
00000000
00100000
00000000
00010000
01000000
00100000
00000000
00000000
,
10000000
00000000
00100000
01000000
00010000
00000000
00100000
00001000
00000000
00001000
00000000
00010000
00000100
00000000
00001000
00000000
,
00000010
00000000
00000000
00000100
00000000
00000001
00001000
00000000
00000100
00000000
00000000
00010000
00001000
00100000
00010000
00000000
,
10000000
00000000
01000000
00000000
00010000
00000000
01000000
00000000
10000000
00100000
00000000
00100000
01000000
00000000
00001000
00000000
,
00010000
00001000
00000000
00100000
00000000
01000000
00000000
00010000
00000000
00001000
00000000
00000010
00000100
00001000
00000000
00000000
,
00000001
00000000
00000100
00000000
00001000
00000000
00000100
00000000
00000010
00010000
00000000
00010000
00001000
00000000
00100000
00000000
,
00010000
00000000
00000000
00100000
01000000
00000000
00010000
00000000
01000000
00100000
00000000
10000000
00000000
00100000
00000000
00000000
,
10010000
00000000
00010000
00100000
00010000
00000000
01000000
00100000
00000000
00100000
00000000
00010000
00001000
00000000
00000100
00000000
,
00000010
00000000
00010000
00001000
00000000
00000010
00000000
00000001
00000000
00000010
00000000
00000100
00010000
00001000
00000000
00000000
,
00010000
00000000
00001000
01000000
00010000
00000000
01000000
00100000
00000000
00100000
00000000
10000000
00010000
00000000
00100000
00000000
,
01000000
00000000
00000000
10000000
00000000
00100000
01000000
00000000
00100000
00000000
00000000
00010000
00001000
00010000
00000100
00000000
,
00001000
00000000
00000010
00000000
00000001
00000000
00000010
00000000
00001000
00000001
00000000
00000001
00000010
00000000
00000001
00000000
,
00000100
00001000
00000000
00010000
00000000
00100000
00000000
10000000
00000000
00100000
00000000
01000000
00001000
00010000
00000000
00000000
,
00001000
00000000
00010000
00000000
00000010
00000000
00001000
00000000
00000100
00000010
00000000
00000001
00001000
00000000
00000010
00000000
,
00000100
00000000
00001000
00010000
00001000
00000000
00010000
00000000
00100000
00000000
10000000
00010000
10000000
00000000
01000000
00000000
,
10010000
00000000
00000000
00100000
00001000
00000000
00010000
00000000
00000010
00000000
00000000
00000100
00001000
00000000
00000100
00000000
,
00000001
00000000
00000010
00000000
00001000
00000010
00000000
00000100
00000000
00010000
00000000
00000000
00001000
00000000
00100000
00000000
,
00010000
01000000
00000000
00100000
00000000
00100000
10000000
00000000
00100000
00000000
00000000
01000000
00100000
00000000
00010000
00000000
,
00001000
00000000
00000000
00001000
00010000
00000000
00000100
00000000
00001000
00000000
00000100
00000000
00000010
00000000
00000100
00000000
,
00000001
00000000
00000100
00001000
00000000
00000001
00001000
00000000
00000010
00000000
00000000
00010000
00001000
00000000
00100000
00000000
,
00010000
01000000
10000000
01000000
00100000
01000000
00010000
01000000
,
00001000
00000000
00000000
00010000
00000000
00001000
00010000
00000000
00000100
00000000
00000000
00000100
00001000
00000000
00000010
00000000
,
00000100
00000010
00000001
00000010
00000100
00000010
00001000
00000010
,
00010000
00000000
00001000
00000000
00100000
00000000
00001000
00100000
00010000
00000000
00000000
01000000
00010000
00000000
10000000
00000000
,
00100000
00000000
10000000
00000000
01000000
00000000
00100000
00001000
00010000
00000000
00001000
00000000
00000010
00000000
00000100
00000000
,
00001000
00000000
00000000
00000001
00000000
00000001
00000100
00000000
00000010
00000000
00000000
00001000
00000010
00000000
00000100
00000000
,
00001000
00100000
01000000
00100000
00010000
00100000
10000000
00100000
,
00001000
00000000
00001000
00000000
00010000
00000000
00000010
00000000
00001000
00000000
00000000
00000010
00000100
00000000
00000001
00000000
,
00001000
00000001
00000100
00000001
00000010
00000001
00000100
00000010
,
00010000
00000000
00000000
00001000
00000000
00010000
00100000
00000000
01000000
00000000
00000000
00010000
10000000
00000000
01000000
00000000
,
10010000
00100000
01000000
10000000
01000000
00100000
00110000
00100000
,
00101000
00000000
00001000
00000000
00010000
00000100
00000000
00000100
00010000
00000000
00001000
00000000
00000000
00000000
00010000
00000000
,
00001000
00000000
00000100
00000000
00000010
00001000
00000000
00000001
00000000
00001000
00000000
00000100
00000000
00010000
00000000
00000000
,
00001000
00000000
01000000
00000000
00010000
00100000
00000000
00100000
00010000
00000000
10000000
00000000
00100000
00010000
00000000
00100000
,
00001000
00000000
00010000
00000000
00001000
00000100
00000000
00000220
00000000
00000000
00000330
00000000
00000100
00000000
00000000
00000000
,
00000001
00000000
00001000
00000000
00000000
00000100
00010000
00000000
00001000
00000000
00100000
00000000
00000000
00010000
00000000
00010000
,
01000000
00000000
00100000
00000000
10000000
01000000
00000000
00010000
00000000
01000000
00000000
00100000
00000000
00001000
00000000
00000000
,
00010000
00000000
00001000
00000000
00000000
00000010
00000000
00000010
00000001
00000000
00001000
00000000
00000000
00000010
00000000
00010000
,
00001000
00000000
00100000
00000000
00010000
01000000
00000000
00100000
00000000
10000000
00010000
00000000
00100000
00000000
01000000
00000000
,
10010000
00000000
00000000
00000000
;

//---------------dance-double - ----------------
#NOTES:
     dance-double:
     :
     Beginner:
     1:
     0.128,0.159,0.077,0.000,0.000:  // measure 1
00000000
00000000
00000000
00000000
,  // measure 2
00000000
00000000
00000000
00000000
,  // measure 3
00000001
00000000
00000000
00000000
,  // measure 4
00000000
00000000
00000000
00000000
,  // measure 5
00001000
00000000
00001000
00000000
,  // measure 6
00000100
00000000
00000000
00000000
,  // measure 7
00010000
00000000
00010000
00000000
,  // measure 8
00001000
00000000
00010000
00000000
,  // measure 9
00011000
00000000
00000000
00000000
,  // measure 10
00001000
00000000
00100000
00000000
,  // measure 11
00010000
00000000
00000000
00000000
,  // measure 12
01000000
00000000
00100000
00000000
,  // measure 13
10000000
00000000
00000000
00000000
,  // measure 14
00010000
00000000
00100000
00000000
,  // measure 15
00001000
00000000
00000000
00000000
,  // measure 16
00010000
00000000
00001000
00000000
,  // measure 17
00011000
00000000
00000000
00000000
,  // measure 18
00010000
00000000
00000100
00000000
,  // measure 19
00001000
00000000
00000000
00000000
,  // measure 20
00000010
00000000
00000100
00000000
,  // measure 21
00000010
00000000
00000000
00000000
,  // measure 22
00000100
00000000
00000001
00000000
,  // measure 23
00001000
00000000
00000000
00000000
,  // measure 24
00000100
00000000
00010000
00000000
,  // measure 25
00011000
00000000
00000000
00000000
,  // measure 26
00001000
00000000
00100000
00000000
,  // measure 27
00010000
00000000
01000000
00000000
,  // measure 28
00100000
00000000
10000000
00000000
,  // measure 29
00010000
00000000
00000000
00000000
,  // measure 30
10000000
00000000
01000000
00000000
,  // measure 31
00010000
00000000
00001000
00000000
,  // measure 32
00010000
00000000
00001000
00000000
,  // measure 33
00011000
00000000
00010000
00000000
,  // measure 34
00000010
00000000
00000000
00000000
,  // measure 35
00001000
00000000
00000010
00000000
,  // measure 36
00000100
00000000
00000001
00000000
,  // measure 37
00000010
00000000
00000010
00000000
,  // measure 38
00000100
00000000
00010000
00000000
,  // measure 39
00001000
00000000
00100000
00000000
,  // measure 40
00010000
00000000
10000000
00000000
,  // measure 41
10010000
00000000
00000000
00000000
,  // measure 42
10000000
00000000
00010000
00000000
,  // measure 43
01000000
00000000
00000000
00000000
,  // measure 44
00001000
00000000
00010000
00000000
,  // measure 45
00011000
00000000
00000000
00000000
,  // measure 46
00001000
00000000
00010000
00000000
,  // measure 47
00000010
00000000
00000000
00000000
,  // measure 48
00001000
00000000
00000001
00000000
,  // measure 49
00001001
00000000
00000000
00000000
;
