#TITLE:PARANOIA survivor;
#SUBTITLE:;
#ARTIST:270;
#TITLETRANSLIT:05PARANOIA survivor;
#SUBTITLETRANSLIT:;
#ARTISTTRANSLIT:;
#CREDIT:;
#BANNER:PARANOIA survivor.png;
#BACKGROUND:PARANOIA survivor-bg.png;
#LYRICSPATH:;
#CDTITLE:./CDTITLES/DANCE DANCE REVOLUTION EXTREME.PNG;
#MUSIC:PARANOIA survivor.mp3;
#OFFSET:-0.063;
#SAMPLESTART:74.680;
#SAMPLELENGTH:15.000;
#SELECTABLE:YES;
#DISPLAYBPM:135.000:270.000;
#BPMS:0.000=269.970,88.000=135.340,92.000=269.950,148.000=134.830,152.000=270.120,174.000=134.830,178.000=270.040;
#STOPS:;
#BGCHANGES:-0.030=PARANOiA Survivor.avi=1.000=1=1=0,
393.250=PARANOIA survivor-bg.png=1.000=0=0=1,
99999=-nosongbg-=1.000=0=0=0 // don't automatically add -songbackground-
;

//---------------dance-single - ----------------
#NOTES:
     dance-single:
     :
     Easy:
     5:
     0.373,0.529,0.086,0.032,0.016:



0000
0000
0000
0000
,
0000
0000
0000
0000
,
0000
0000
0000
0000
,
0000
0000
0000
0000
,
0000
0000
0000
0000
,
0000
0000
0000
0000
,
0000
0000
0000
0000
,
0000
0000
0000
0000
,
0010
1000
0010
0000
,
0001
0000
0100
0000
,
1000
0000
0010
0000
,
0001
0000
0100
0010
,
0000
1000
0000
0000
1000
0000
0000
0001
,
0000
0001
0000
0100
,
0010
0000
1000
0000
,
0001
0000
0000
0100
,
0010
1000
0010
0000
,
0100
0000
0000
0001
,
0100
0000
0010
0000
,
1000
0000
1000
0100
,
1000
0001
1000
0000
,
0010
0000
0000
0100
,
0001
0000
0000
0000
0001
0000
0000
0000
0000
1000
0000
0000
0000
1000
0000
0000
,
0100
0010
0001
0000
,
1000
0000
1000
0000
,
0100
0010
1000
0000
,
0001
0000
0001
0000
,
0100
0010
0100
0000
,
1000
0000
1000
0000
,
0001
0000
0001
0000
,
0100
0010
0000
1001
,
1000
0001
1000
0000
,
0100
0010
0000
1001
,
0001
1000
0001
0000
,
0100
0010
0000
1001
,
1000
0100
0010
0000
,
0001
0000
1000
0000
0000
1000
0000
0000
,
0100
0000
0000
0000
0000
0000
0010
0000
0000
1000
0000
0000
0000
0000
0000
0000
,
1000
0100
0000
0001
,
0100
0000
1000
0010
,
0000
0001
0010
0000
,
1000
0001
0000
0001
,
1000
0000
0100
0010
,
0000
0001
0101
1010
,
1100
0011
0001
0100
,
0000
1000
0100
0000
,
1000
0010
0000
0001
,
0010
0000
1000
0100
,
0000
1000
0010
0000
,
0001
0100
0000
0001
,
0010
0000
1000
0100
,
1000
0000
0001
0010
,
0001
0000
0100
0001
,
0100
0000
0010
1000
,
0010
0000
1000
0001
,
1000
0000
0100
0010
,
0100
0000
0010
0001
,
1000
0000
0100
0100
,
0000
0010
0010
0000
,
0001
0001
0000
1000
,
1000
0000
0010
0010
,
0000
0100
0100
0000
,
0001
1000
0000
0020
,
0000
0000
0000
0000
,
0000
0000
0000
0030
,
0001
0100
0001
0000
,
1000
0000
1000
0000
,
0100
0000
0100
0010
,
0001
0000
1000
0001
,
1000
0000
0010
0000
,
0010
0000
0100
0000
,
0001
0100
0001
0000
,
1000
0000
0000
0001
,
1000
0100
1000
0000
,
0001
0000
0001
0100
,
0000
0010
0000
1000
,
0100
0000
0001
0010
,
0000
0001
0000
0000
1000
0000
0000
0001
,
0000
0000
0100
0000
0000
0001
0000
0000
,
0000
0100
0000
0010
0000
0100
0000
0000
,
0001
0000
1000
0001
,
1000
0100
0000
0001
,
0000
0001
0000
1000
,
0001
0100
0000
1000
,
0000
1000
0000
0001
,
1000
0010
0000
0001
,
0000
0001
0000
1000
,
0001
0010
0000
1000
,
0000
1000
0000
0001
,
1000
0100
0000
0001
,
0000
0001
0000
1000
,
0001
0100
0000
1000
,
0000
1000
0000
0001
,
1000
0010
0000
0001
,
0000
0001
0000
1000
,
0010
0000
0000
0010
0000
0000
0100
0000
,
0000
0100
0000
0000
0000
0000
0001
0000
,
0000
2002
0000
0000
,
0000
0000
0000
3003
;

//---------------dance-single - ----------------
#NOTES:
     dance-single:
     :
     Medium:
     8:
     0.539,0.635,0.096,0.032,0.016:



0000
0000
0000
0000
,
0000
0000
0000
0000
,
0000
0000
0000
0000
,
0000
0000
0000
0000
,
0000
0000
0000
0000
,
0000
0000
0000
0000
,
0000
0000
0000
0000
,
0000
0000
0000
0000
,
1000
0100
0001
0100
,
1000
0010
0100
0001
,
0100
0010
1000
0001
,
0100
0000
0001
0000
0000
1000
0100
0000
,
0000
0001
0000
0000
0001
0000
0000
1000
,
0000
1000
0100
0010
,
0001
1000
0100
0000
,
0001
0000
0000
1001
,
0100
0010
0100
0001
,
1000
0000
0100
0000
0000
0010
0100
0000
,
0010
0001
0100
0010
,
1000
0000
0001
0000
0000
0100
0010
0000
,
1000
0100
0010
0001
,
0100
0000
0010
0000
0000
1000
0100
0000
,
1100
0000
0000
0000
0101
0000
0000
0000
0000
0100
0000
0000
0000
0100
0000
0000
,
0010
1000
0010
0001
,
0010
1000
0100
1000
,
0010
0100
0001
1000
,
0100
0010
0001
1000
,
0100
0001
0100
1000
,
0001
0100
0010
1000
,
0100
0000
0010
0000
0000
0001
1000
0000
,
0010
0000
1000
0100
0000
0000
0010
0000
,
0001
1000
0001
0100
,
0000
0010
0000
1000
0000
0100
0010
0000
,
0001
1000
0001
0010
,
0000
0100
0000
1000
0000
0010
0100
0000
,
0001
1000
0001
0100
,
0000
0010
0000
1000
0000
0100
0000
0000
,
1000
0000
1000
0000
0000
0000
0001
0000
0000
0001
0000
0000
0000
0000
0100
0000
,
0010
1000
0010
1000
,
0001
0100
0001
0100
,
0010
1000
0100
1000
,
0100
0010
0001
0010
,
0001
0100
0010
1000
,
0010
1000
1010
0110
,
0101
1001
1000
0100
,
0000
0010
0000
0001
0100
0000
0010
0000
,
1000
0100
0000
0000
0010
0001
0000
0000
,
0001
0100
0000
0000
0010
1000
0000
0100
,
0000
0010
0001
0000
0000
0001
0100
0000
,
0000
0100
0010
0000
0000
0010
1000
0000
,
0001
0000
0100
0010
0000
0000
1000
0000
,
1000
0100
1000
0001
,
0010
0001
0010
0100
,
1000
0001
0100
0010
,
1000
0001
0100
0010
,
1000
0001
0010
0100
,
1000
0010
0100
0001
,
0000
1000
0000
0001
0000
0100
0010
0000
,
0000
1000
0000
0001
0000
0010
0100
0000
,
0010
0001
0000
0000
1000
0000
0001
0100
,
0000
0000
0001
0000
1000
0100
0000
0000
,
0010
0000
0001
0100
0000
0000
0010
0000
,
1000
0001
1000
0000
0100
0000
0020
0000
,
0000
0000
0000
0000
,
0000
0000
0000
0030
,
0001
0100
1000
0100
,
0001
0100
1000
0100
,
0001
0000
0010
0000
0000
0001
1000
0000
,
0100
0100
1000
0010
,
1000
0000
0000
0001
0000
0100
0000
0000
,
0010
0000
0000
0100
0000
0000
0001
0000
,
1000
0100
1000
0000
1000
0001
1000
0000
,
0010
0000
0000
1001
,
1000
0100
0010
0001
,
1000
0010
0100
0001
,
1000
0000
0100
0000
0000
0010
0001
0000
,
0100
0010
1000
0010
,
0100
0001
0000
0000
0001
0000
0000
1000
,
0000
0000
1000
0000
0000
0100
0000
0000
,
0000
0010
0000
0010
0000
0010
0001
0000
,
1000
0100
1000
0001
,
1000
0100
0000
0000
0010
0000
0010
0000
,
0001
0100
0001
1000
,
0001
0100
0000
0000
0010
0000
0010
0000
,
1000
0100
1000
0001
,
1000
0010
0000
0000
0100
0000
0100
0000
,
0001
0010
0001
1000
,
0001
0010
0000
0000
0100
0000
0100
0000
,
1000
0010
1000
0001
,
1000
0100
0000
0000
0010
0000
0010
0000
,
0001
0100
1000
0100
,
0001
0100
0000
0000
0010
0000
0010
0000
,
1000
0100
0001
0100
,
1000
0010
0000
0000
0100
0000
0100
0000
,
0001
0010
1000
0010
,
0001
0000
0000
0001
0000
0000
1000
0000
,
0000
1000
0000
0000
0010
0000
0100
0000
,
0000
2002
0000
0000
,
0000
0000
0000
3003
;

//---------------dance-single - ----------------
#NOTES:
     dance-single:
     :
     Hard:
     10:
     0.816,0.846,0.204,0.054,0.054:  // measure 1
0000
0000
0000
0000
,  // measure 2
0000
0000
0000
0000
,  // measure 3
0000
0000
0000
0000
,  // measure 4
0000
0000
0000
0000
,  // measure 5
0000
0000
0000
0000
,  // measure 6
0000
0000
0000
0000
,  // measure 7
0000
0000
0000
0000
,  // measure 8
0000
0000
0000
0000
,  // measure 9
1000
0100
1000
0000
0010
0000
0010
0000
,  // measure 10
1000
0100
1000
0001
0010
0000
0010
0000
,  // measure 11
0001
0100
0010
1000
0100
0000
0001
0000
,  // measure 12
1000
0000
0100
0000
1000
0001
0010
0000
,  // measure 13
1000
0100
0000
0001
0100
0000
1000
0100
,  // measure 14
0000
0001
0100
0000
0010
1000
0001
0000
,  // measure 15
1000
0000
0100
0000
0001
0010
0100
1000
,  // measure 16
0000
0000
0010
0001
,  // measure 17
0010
0001
1000
0001
0010
0000
0100
0000
,  // measure 18
1000
0000
1000
0000
0000
0001
0100
0000
,  // measure 19
0010
1000
0001
1000
0010
0000
0100
0000
,  // measure 20
0001
0000
0001
0000
0000
1000
0100
0000
,  // measure 21
0010
0001
0001
1000
,  // measure 22
1000
0000
0010
0000
0000
0010
0100
0010
,  // measure 23
1000
0001
0000
0000
0001
1000
0000
0000
0000
0100
0000
0100
0000
0010
0000
0010
,  // measure 24
0001
0100
0001
0100
0010
0000
0010
0000
,  // measure 25
1000
0100
1000
0000
0001
0000
0001
1000
,  // measure 26
0100
0010
0001
0000
0001
0100
0010
0000
,  // measure 27
1000
0100
0010
0100
0000
1000
0001
0000
,  // measure 28
0100
0010
1000
0000
0100
0010
0001
0000
,  // measure 29
1000
0010
0100
0001
0000
0001
0100
0000
,  // measure 30
0010
0000
1000
0100
0000
0010
0001
1000
,  // measure 31
0010
0000
0100
0001
0000
0000
0100
0000
,  // measure 32
0010
1000
0010
0000
0100
0001
0100
0000
,  // measure 33
0001
0000
1000
0010
0000
0100
0001
0000
,  // measure 34
0010
0001
0010
0000
0100
1000
0100
0000
,  // measure 35
1000
0000
0001
0100
0000
0010
1000
0000
,  // measure 36
1000
0001
1000
0000
0001
1000
0001
0000
,  // measure 37
0100
0000
0100
0010
0000
0010
0000
0000
,  // measure 38
1000
0100
1000
0100
0000
0000
0010
0001
0000
0001
0010
0000
0000
0000
0110
0000
,  // measure 39
1000
0001
1000
0100
0010
0000
0010
0000
,  // measure 40
0001
0000
0100
0010
1000
0100
0010
0001
,  // measure 41
1000
0000
0100
0010
0100
0000
0010
0001
,  // measure 42
0010
0000
0100
1000
0100
0000
0010
0001
,  // measure 43
0100
0010
1000
0000
0001
1000
0001
0000
,  // measure 44
0010
0100
0010
0000
1001
0000
0110
0000
,  // measure 45
1001
0000
0110
0000
1000
0100
1000
0100
,  // measure 46
0000
0010
0001
0010
0100
0010
0000
0001
,  // measure 47
0100
0001
0000
0010
0100
0010
0000
0100
,  // measure 48
1000
0100
0000
1000
0100
1000
0001
0000
,  // measure 49
1000
0100
0010
0000
0001
0100
0010
0000
,  // measure 50
1000
0100
0010
0000
0001
0100
0010
1000
,  // measure 51
0100
0000
0010
0001
0010
0001
1000
0000
,  // measure 52
0010
0000
0100
0001
0100
0001
1000
0000
,  // measure 53
0010
0000
0100
0001
0100
0001
1000
0000
,  // measure 54
0100
0000
0010
0001
0010
0001
1000
0000
,  // measure 55
0010
0000
0100
0001
0100
0010
1000
0000
,  // measure 56
0100
0000
0010
0001
0010
0100
1000
0000
,  // measure 57
0100
0000
0010
0001
1000
0100
0010
0000
,  // measure 58
0001
0100
0001
0100
0000
0010
1000
0000
,  // measure 59
1000
0100
1000
0100
0000
0010
0001
0000
,  // measure 60
0001
0100
0001
0100
0010
0000
1000
0100
,  // measure 61
0010
0001
0010
0000
0100
1000
0100
0010
,  // measure 62
0001
0000
0100
0010
1000
0100
0010
0000
,  // measure 63
0001
0100
0010
1000
0100
0000
0002
2000
,  // measure 64
0000
0000
0000
0000
,  // measure 65
0000
0000
0000
3003
,  // measure 66
1000
0100
1000
0000
0001
0000
0001
0000
,  // measure 67
0001
0100
0001
0000
1000
0100
1000
0000
,  // measure 68
0001
0010
0001
0000
0000
1000
0010
0000
,  // measure 69
1100
0011
0100
0110
,  // measure 70
0010
0001
0000
0001
1000
0000
1000
0100
,  // measure 71
0000
0100
0010
0000
0001
0000
1000
0000
,  // measure 72
1100
0110
0011
1001
,  // measure 73
0200
0000
0000
0300
,  // measure 74
0001
0100
0001
0000
1000
0000
1000
0000
,  // measure 75
0001
0000
0001
0000
1000
0010
1000
0000
,  // measure 76
0010
0100
0010
0000
0000
1000
0100
0000
,  // measure 77
1100
0110
0011
1001
,  // measure 78
1000
0001
0000
0001
0100
0000
0100
0010
,  // measure 79
0000
0010
1000
0000
0000
0001
0000
0000
,  // measure 80
0000
0100
0000
0100
0000
0100
0010
0000
,  // measure 81
1000
1001
0001
1001
,  // measure 82
1000
0100
1000
0100
0001
0100
0001
0100
,  // measure 83
0010
0001
1000
0100
0000
1000
0010
0100
,  // measure 84
0001
0100
0001
0100
1000
0100
1000
0100
,  // measure 85
0010
1000
0100
0010
0001
1000
0001
0000
,  // measure 86
1000
0010
1000
0010
0001
0010
0001
0010
,  // measure 87
0100
0001
1000
0010
0000
1000
0100
0010
,  // measure 88
0001
0010
0001
0010
1000
0010
1000
0010
,  // measure 89
0100
1000
0010
0100
0001
1000
0001
0000
,  // measure 90
0001
0100
0010
0100
1000
0100
0010
0100
,  // measure 91
0001
1000
0010
0100
0000
0001
0010
0100
,  // measure 92
1000
0100
0010
0100
0001
0100
0010
0100
,  // measure 93
1000
0001
0100
0010
1000
0001
1000
0000
,  // measure 94
0001
0010
0001
0100
0010
1000
0010
0100
,  // measure 95
0001
1000
0001
0010
0100
1000
0100
0010
,  // measure 96
0001
0100
0000
1000
0100
0000
0001
0010
,  // measure 97
0000
1000
0010
0000
0001
0100
0010
1000
,  // measure 98
0000
2002
0000
0000
,  // measure 99
0000
0000
0000
3003
;

//---------------dance-double - ----------------
#NOTES:
     dance-double:
     :
     Easy:
     6:
     0.363,0.423,0.011,0.032,0.016:



00000000
00000000
00000000
00000000
,
00000000
00000000
00000000
00000000
,
00000000
00000000
00000000
00000000
,
00000000
00000000
00000000
00000000
,
00000000
00000000
00000000
00000000
,
00000000
00000000
00000000
00000000
,
00000000
00000000
00000000
00000000
,
00000000
00000000
00000000
00000000
,
00100000
01000000
00010000
00000000
,
10000000
00000000
01000000
00000000
,
00010000
00000000
00001000
00000000
,
00000010
00000000
00000001
00001000
,
00000000
00000010
00000000
00000000
00010000
00000000
00000000
00001000
,
00000000
01000000
00000000
00100000
,
10000000
00000000
01000000
00000000
,
00100000
00000000
00000000
00001000
,
00010000
00001000
00000010
00000000
,
00000001
00000000
00000000
00001000
,
00000100
00000000
00000010
00000000
,
00000001
00000000
00000100
00001000
,
00010000
00100000
10000000
00000000
,
00010000
00000000
00000000
01000000
,
00100000
00000000
00000000
00000000
01000000
00000000
00000000
00000000
00000000
00001000
00000000
00000000
00000000
00010000
00000000
00000000
,
00001000
00000010
00001000
00000000
,
00000010
00000000
00000001
00000000
,
00000100
00000001
00000100
00000000
,
00000010
00000000
00010000
00000000
,
00100000
10000000
00100000
00000000
,
01000000
00000000
00001000
00000000
,
00010000
00000000
00000100
00000000
,
00000010
00000001
00000000
00001000
,
00000100
00010000
00000100
00000000
,
00000010
00000001
00000000
00000100
,
00000010
00010000
00001000
00000000
,
00010000
00000100
00000000
00000010
,
00000001
00000100
00000010
00000000
,
00010000
00000000
00001000
00000000
00000000
01000000
00000000
00000000
,
00100000
00000000
00000000
00000000
00000000
00000000
10000000
00000000
00000000
01000000
00000000
00000000
00000000
00000000
00000000
00000000
,
00100000
00001000
00000000
00010000
,
00000100
00000000
00000010
00000001
,
00000000
00000001
00000100
00000000
,
00000100
00001000
00000000
00001000
,
00010000
00000000
00010000
00100000
,
00000000
00100000
10000000
01000000
,
00010000
00001000
00000010
00000001
,
00000000
00000100
00001000
00000000
,
00001000
00010000
00000000
00100000
,
10000000
00000000
10000000
01000000
,
00000000
00100000
00001000
00000000
,
00010000
00000100
00000000
00000010
,
00000001
00000000
00000001
00000100
,
00000010
00000000
00010000
00001000
,
01000000
00000000
00100000
10000000
,
00010000
00000000
01000000
00100000
,
00001000
00000000
00010000
00000100
,
00000010
00000000
00000001
00000100
,
00001000
00000000
00001000
00010000
,
00100000
00000000
10000000
01000000
,
00000000
00100000
00001000
00000000
,
00010000
00000100
00000000
00000010
,
00000001
00000000
00001000
00000100
,
00000000
00010000
00001000
00000000
,
00100000
00010000
00000000
20000000
,
00000000
00000000
00000000
00000000
,
00000000
00000000
00000000
30000000
,
01000000
00100000
00001000
00000000
,
00010000
00000000
00000100
00000000
,
00000010
00000000
00000001
00000100
,
00000001
00000000
00000100
00000010
,
00000100
00000000
00000010
00000000
,
00010000
00000000
00001000
00000000
,
01000000
00100000
01000000
00000000
,
00100000
00000000
00000000
10000000
,
01000000
10000000
00010000
00000000
,
01000000
00000000
00001000
00010000
,
00000000
00001000
00000000
00000010
,
00000001
00000000
00000100
00000010
,
00000000
00010000
00000000
00000000
00001000
00000000
00000000
00010000
,
00000000
00000000
00001000
00000000
00000000
00010000
00000000
00000000
,
00000000
00001000
00000000
00000010
00000000
00000100
00000000
00000000
,
00010000
00000000
00001000
00010000
,
00100000
01000000
00000000
00010000
,
00000000
10000000
00000000
01000000
,
00100000
00001000
00000000
00010000
,
00000000
00001000
00000000
01000000
,
00100000
10000000
00000000
01000000
,
00000000
00010000
00000000
00001000
,
00000010
00000001
00000000
00001000
,
00000000
00000010
00000000
00010000
,
00001000
01000000
00000000
00100000
,
00000000
10000000
00000000
00010000
,
10000000
01000000
00000000
00010000
,
00000000
00001000
00000000
00000010
,
00000100
00010000
00000000
00001000
,
00000000
01000000
00000000
00100000
,
00001000
00000000
00000000
00010000
00000000
00000000
00001000
00000000
,
00000000
00000010
00000000
00000000
00000000
00000000
00000001
00000000
,
00000000
00002002
00000000
00000000
,
00000000
00000000
00000000
00003003
;

//---------------dance-double - ----------------
#NOTES:
     dance-double:
     :
     Medium:
     8:
     0.534,0.635,0.075,0.043,0.016:



00000000
00000000
00000000
00000000
,
00000000
00000000
00000000
00000000
,
00000000
00000000
00000000
00000000
,
00000000
00000000
00000000
00000000
,
00000000
00000000
00000000
00000000
,
00000000
00000000
00000000
00000000
,
00000000
00000000
00000000
00000000
,
00000000
00000000
00000000
00000000
,
00100000
10000000
01000000
00010000
,
00001000
00010000
00100000
10000000
,
01000000
00100000
00001000
00010000
,
00001000
00000000
00000010
00000000
00000000
00000001
00001000
00000000
,
00000000
00000010
00000000
00000000
00010000
00000000
00000000
00001000
,
00000000
00010000
00100000
10000000
,
01000000
00100000
00001000
00000000
,
00020000
00000000
00030000
00011000
,
00001000
00000100
00000010
00010000
,
00001000
00000000
00000010
00000000
00000000
00000001
00001000
00000000
,
00000010
00010000
00001000
01000000
,
00100000
00000000
10000000
00000000
00000000
00010000
01000000
00000000
,
00100000
10000000
01000000
00010000
,
00001000
00000000
00000100
00000000
00000000
00000001
00001000
00000000
,
00000010
00000000
00000000
00000000
00010000
00000000
00000000
00000000
00000000
00001000
00000000
00000000
00000000
01000000
00000000
00000000
,
00100000
10000000
01000000
00100000
,
00001000
00010000
00000100
00000010
,
00000001
00000100
00001000
00010000
,
00100000
01000000
00010000
10000000
,
01000000
00100000
00001000
00010000
,
00000100
00000010
00000001
00000100
,
00001000
00000000
00010000
00000000
00000000
01000000
00100000
00000000
,
00001000
00000000
00010000
00001000
00000000
00000000
00000010
00000000
,
00000001
00000100
00000010
00010000
,
00000000
00001000
00000000
00010000
00000000
00100000
10000000
00000000
,
10000000
01000000
00100000
00001000
,
00000000
00010000
00000000
00001000
00000000
00000010
00000001
00000000
,
00000001
00000010
00000100
00010000
,
00000000
00001000
00000000
00010000
00000000
00001000
00000000
00000000
,
00010000
00000000
00000100
00000000
00000000
00000000
00000010
00000000
00000000
00000001
00000000
00000000
00000000
00000000
00001000
00000000
,
00000001
00000100
00000010
00010000
,
00001000
01000000
00100000
10000000
,
01000000
00010000
01000000
00100000
,
00001000
00010000
00001000
00000100
,
00000010
00001000
00000001
00000010
,
00000001
00000100
00000110
00011000
,
01100000
00011000
00100000
10000000
,
00000000
00010000
00000000
10000000
01000000
00000000
00100000
00000000
,
00001000
00010000
00000000
00000000
00010000
00000100
00000000
00000000
,
00000100
00000010
00000000
00000000
00000001
00001000
00000000
00000100
,
00000000
00000010
00000001
00000000
00000000
00000001
00000100
00000000
,
00000000
00000100
00000010
00000000
00000000
00000010
00010000
00000000
,
00001000
00000000
00010000
00001000
00000000
00000000
01000000
00000000
,
00100000
10000000
01000000
00100000
,
00001000
00010000
00000100
00000010
,
00000001
00000100
00000010
00010000
,
00001000
01000000
00100000
10000000
,
01000000
00010000
01000000
00100000
,
00001000
00010000
00001000
00000010
,
00000000
00000001
00000000
00000100
00000000
00000010
00010000
00000000
,
00000000
00001000
00000000
01000000
00000000
00100000
10000000
00000000
,
00010000
01000000
00000000
00000000
00001000
00000000
00010000
00000100
,
00000000
00000000
00000010
00000000
00000001
00001000
00000000
00000000
,
00000100
00000000
00000010
00000001
00000000
00000000
00000100
00000000
,
00000010
00010000
00001000
00000000
00010000
00000000
00000200
00000000
,
00000000
00000000
00000000
00000000
,
00000000
00000000
00000000
00000300
,
00000010
00000001
00000010
00000100
,
00000010
00000001
00000100
00001000
,
00010000
00000000
00100000
00000000
00000000
10000000
00010000
00000000
,
01000000
00100000
10000000
01000000
,
00010000
00000000
00000000
00001000
00000000
00010000
00000000
00000000
,
00000100
00000000
00000000
00000010
00000000
00000000
00000001
00000000
,
00000100
00000010
00010000
00001000
,
01000000
00000000
00000000
10010000
,
00100000
10000000
00100000
01000000
,
00100000
10000000
01000000
00010000
,
00001000
00000000
00000010
00000000
00000000
00000001
00001000
00000000
,
00000100
00000010
00000001
00000100
,
00000010
00010000
00000000
00000000
00001000
00000000
00000000
01000000
,
00000000
00000000
00100000
00000000
00000000
10000000
00000000
00000000
,
00000000
00100000
00000000
01000000
00000000
00001000
00010000
00000000
,
00001000
00001000
00010000
00010000
,
00000100
00010000
00000000
00000000
00001000
00000000
00001000
00000000
,
00010000
00100000
10000000
01000000
,
00100000
00001000
00000000
00000000
00010000
00000000
00010000
00000000
,
00001000
00000010
00000001
00001000
,
00000100
00010000
00000000
00000000
00001000
00000000
00001000
00000000
,
00010000
00100000
10000000
01000000
,
00100000
00001000
00000000
00000000
00010000
00000000
00010000
00000000
,
00001000
00000010
00000001
00001000
,
00000010
00010000
00000000
00000000
00001000
00000000
00001000
00000000
,
00010000
01000000
10000000
00100000
,
01000000
00001000
00000000
00000000
00010000
00000000
00010000
00000000
,
00001000
00000100
00000001
00001000
,
00000010
00010000
00000000
00000000
00001000
00000000
00001000
00000000
,
00010000
00000000
00001000
01000000
00000000
00000000
00100000
00000000
,
10000000
00000000
00000000
00100000
00000000
00000000
01000000
00000000
,
00000000
00001000
00000000
00000000
00010000
00000000
00000100
00000000
,
00000000
00000220
00000000
00000000
,
00000000
00000000
00000000
00000330
;

//---------------dance-double - ----------------
#NOTES:
     dance-double:
     :
     Hard:
     10:
     0.734,0.793,0.021,0.032,0.054:



00000000
00000000
00000000
00000000
,
00000000
00000000
00000000
00000000
,
00000000
00000000
00000000
00000000
,
00000000
00000000
00000000
00000000
,
00000000
00000000
00000000
00000000
,
00000000
00000000
00000000
00000000
,
00000000
00000000
00000000
00000000
,
00000000
00000000
00000000
00000000
,
10000000
01000000
00100000
00000000
00001000
00000000
00010000
00000000
,
00001000
01000000
00100000
00000000
10000000
00000000
01000000
00000000
,
00100000
00001000
00010000
00000100
00000010
00000000
00000001
00000000
,
00000100
00000000
00001000
00000000
00010000
00001000
00010000
00000000
,
00001000
01000000
00000000
00100000
10000000
00000000
01000000
00100000
,
00000000
00001000
00010000
00000000
00000100
00000010
00000001
00000000
,
00000100
00000000
00001000
00000000
00010000
00000000
00000000
01000000
,
00100000
00000000
00010000
11000000
,
00100000
00001000
00010000
00000100
00000010
00000000
00000001
00000000
,
00000100
00000000
00000010
00000000
00000000
00010000
00001000
00000000
,
01000000
00100000
10000000
01000000
00010000
00000000
00001000
00000000
,
00000010
00000000
00000001
00000000
00001000
00000100
00000010
00000000
,
00000001
00000100
00001000
00010000
,
01000000
00000000
10000000
00000000
00000000
00100000
10000000
00010000
,
01000000
00100000
00000000
00000000
00010000
00001000
00000000
00000000
00000000
00000100
00000000
00000010
00000000
00000001
00000000
00001000
,
00000001
00000100
00000010
00010000
00001000
00000000
01000000
00000000
,
00100000
10000000
00100000
00000000
10000000
00000000
01000000
00100000
,
00001000
00010000
00000100
00000000
00000010
00000001
00000010
00000000
,
00000001
00000100
00000010
00010000
00000000
00001000
01000000
00000000
,
00100000
10000000
00100000
00000000
00001000
01000000
00001000
00000000
,
00010000
00001000
00010000
00000100
00000000
00000010
00000001
00000000
,
00000100
00000000
00001000
00010000
00000000
00001000
00010000
00001000
,
01000000
00000000
00100000
10000000
00000000
00000000
01000000
00000000
,
00100000
10000000
00100000
00000000
00001000
00010000
00001000
00000000
,
00010000
00000000
00000100
00000010
00000000
00000001
00000100
00000000
,
00000010
00000100
00000001
00000000
00000100
00000010
00010000
00000000
,
00001000
00000000
01000000
00100000
00000000
10000000
01000000
00000000
,
00100000
00010000
00100000
00000000
00010000
01000000
00010000
00000000
,
10000000
00000000
01000000
00100000
00000000
00001000
00000000
00000000
,
00010000
00000100
00000010
00000000
00000001
00000000
00001000
00000100
00000000
00000010
00000001
00000000
00000000
00000000
00001000
00000000
,
00000001
00000100
00000010
00010000
00001000
00000000
01000000
00000000
,
00100000
00000000
10000000
01000000
00100000
00001000
01000000
00100000
,
10000000
00000000
01000000
00100000
00001000
00000000
01000000
00001000
,
00010000
00000000
00001000
00000010
00001000
00000000
00000010
00000001
,
00001000
00000100
00010000
00000000
00001000
00010000
00000100
00000000
,
00000010
00000001
00000010
00000000
00000001
00000000
00000100
00000000
,
00001000
00000000
00010000
00000000
00100000
10000000
00100000
01000000
,
00000000
00001000
00010000
00001000
01000000
00100000
00000000
10000000
,
01000000
10000000
00000000
00100000
01000000
00100000
00000000
01000000
,
00001000
01000000
00000000
00001000
00010000
00001000
01000000
00000000
,
00001000
00010000
00000100
00000000
00000100
00000010
00000100
00000000
,
00000010
00000001
00000010
00000000
00000001
00000100
00000010
00010000
,
00001000
00000000
01000000
00100000
10000000
01000000
00100000
00000000
,
00001000
00000000
01000000
00001000
00100000
00001000
00010000
00000000
,
00000100
00000000
00000010
00000001
00000100
00000010
00010000
00000000
,
00001000
00000000
01000000
00100000
10000000
01000000
00100000
00000000
,
00001000
00000000
00010000
00001000
00010000
00000100
00010000
00000000
,
00000010
00000000
00000100
00000010
00001000
00000001
00000100
00000000
,
00001000
00000000
00010000
00001000
01000000
00100000
10000000
00000000
,
00010000
01000000
00001000
00010000
00000000
00001000
00100000
00000000
,
01000000
00100000
00001000
00010000
00000000
00001000
01000000
00000000
,
00100000
10000000
00000000
00010000
01000000
00000000
00100000
01000000
,
00000000
00001000
00010000
00000000
00000100
00000010
00000000
00000001
,
00001000
00000000
00000010
00010000
00000000
00001000
01000000
00000000
,
00100000
10000000
00000000
01000000
00010000
00000000
00001000
00020000
,
00000000
00000000
00000000
00000000
,
00000000
00000000
00000000
00030000
,
00001000
01000000
00010000
00000000
00100000
00000000
01000000
00000000
,
00100000
00001000
00100000
00000000
00001000
00010000
00001000
00000000
,
00010000
00000100
00010000
00000000
00000000
00000010
00000100
00000000
,
00000001
00000100
00001000
00010000
,
00001000
00000000
00010000
00001000
01000000
00000000
00100000
10000000
,
01000000
00100000
00000000
00001000
00010000
00000000
00001000
00000000
,
01000000
00100000
10000000
01000000
,
10000000
00000000
00000000
00000000
00000000
00000000
00000000
00000000
00000000
00000000
00000000
00000000
00000000
00010000
00000000
00000000
,
00100000
00001000
00010000
00000000
00000100
00000000
00000010
00000000
,
00000001
00000000
00000100
00000000
00001000
00010000
00001000
00000000
,
00010000
00100000
00010000
00000000
00000000
01000000
00010000
00000000
,
00100000
01000000
00100000
10000000
,
01000000
00010000
00000000
00001000
00010000
00000000
00001000
00000010
,
00000000
00000001
00001000
00000000
00000000
00000001
00000000
00000000
,
00000000
00000100
00000000
00001000
00000000
00010000
00001000
00000000
,
00000010
00000001
00000100
00001000
,
00010000
00001000
00010000
00000000
00100000
10000000
00100000
00000000
,
10000000
00000000
01000000
00010000
00000000
00001000
01000000
00000000
,
00100000
10000000
00100000
00000000
10000000
01000000
10000000
00000000
,
01000000
00000000
00010000
00001000
00010000
00000000
00000100
00000000
,
00000010
00000001
00000010
00000000
00000001
00000100
00000001
00000000
,
00000100
00000000
00001000
00010000
00000000
00001000
00010000
00000000
,
00100000
10000000
00100000
00000000
10000000
01000000
10000000
00000000
,
01000000
00000000
00010000
00000000
00000000
00001000
00010000
00000000
,
00001000
01000000
00001000
00000000
00000010
00000001
00001000
00000000
,
00000001
00000000
00000100
00001000
00000000
00010000
00001000
00000000
,
00010000
00100000
00010000
00000000
00001000
00010000
00001000
00000000
,
01000000
00000000
00100000
10000000
00010000
00000000
10000000
00000000
,
01000000
00010000
01000000
00000000
00010000
00001000
00010000
00000000
,
00001000
00000000
00000010
00000001
00000000
00001000
00000100
00000000
,
00000010
00000001
00000000
00000001
00000100
00000000
00000100
00001000
,
00000000
00001000
00010000
00000000
00100000
10000000
01000000
00010000
,
00000000
00022000
00000000
00000000
,
00000000
00000000
00000000
00033000
;

//---------------dance-single - ----------------
#NOTES:
     dance-single:
     :
     Beginner:
     3:
     0.182,0.312,0.171,0.000,0.000:



0000
0000
0000
0000
,
0000
0000
0000
0000
,
0000
0000
0000
0000
,
0000
0000
0000
0000
,
0000
0000
0000
0000
,
0000
0000
0000
0000
,
0000
0000
0000
0000
,
0000
0000
0000
0000
,
0010
0000
0000
0000
,
0001
0000
0000
0000
,
1000
0000
0000
0000
,
0100
0000
0000
0000
,
1000
0000
0000
0000
,
1000
0000
0000
0000
,
0001
0000
0000
0000
,
0001
0000
0000
0000
,
1001
0000
0000
0000
,
0100
0000
0000
0000
,
0010
0000
0000
0000
,
0100
0000
0000
0000
,
1001
0000
0000
0000
,
0010
0000
0000
0000
,
0110
0000
0110
0000
,
0010
0000
0000
0000
,
0100
0000
0000
0000
,
1000
0000
0000
0000
,
0001
0000
0000
0000
,
1000
0000
0000
0000
,
0001
0000
0000
0000
,
1000
0000
0000
0000
,
0001
0000
0000
0000
,
0110
0000
0000
0000
,
0100
0000
0000
0000
,
0110
0000
0000
0000
,
0010
0000
0000
0000
,
1001
0000
0000
0000
,
0100
0000
0000
0000
,
0010
0000
0010
0000
,
0110
0000
0000
0000
,
1000
0000
0000
0000
,
0001
0000
0000
0000
,
1000
0000
0000
0000
,
0001
0000
0000
0000
,
1000
0000
0100
0000
,
0100
0000
0110
0000
,
0000
1000
0000
0000
,
0000
0001
0000
0000
,
0000
1000
0000
0000
,
0000
0001
0000
0000
,
0000
1000
0000
0000
,
0001
0000
0000
0000
,
0110
0000
0000
0000
,
0010
0000
0000
0000
,
0100
0000
0000
0000
,
0001
0000
0000
0000
,
1000
0000
0000
0000
,
0010
0000
0000
0000
,
0100
0000
0000
0000
,
0001
0000
0000
0000
,
1000
0000
0000
0000
,
0100
0000
0000
0000
,
0010
0000
0000
0000
,
0001
0000
0000
0000
,
0110
0000
0000
0000
,
0000
0000
0000
0000
,
0001
0000
0000
0000
,
0001
0000
0000
0000
,
1000
0000
0000
0000
,
1000
0000
0000
0000
,
0110
0000
0000
0000
,
0100
0000
0000
0000
,
0100
0000
0000
0000
,
0010
0000
0000
0000
,
0110
0000
0000
0000
,
0010
0000
0000
0000
,
0010
0000
0000
0000
,
0100
0000
0000
0000
,
1001
0000
0000
0000
,
0001
0000
0000
0000
,
1000
0000
0000
0000
,
0001
0000
1000
0000
,
1001
0000
0000
0000
,
0100
0000
0010
0000
,
0100
0000
0000
0000
,
0100
0000
0010
0000
,
1000
0000
0000
0000
,
1000
0000
0001
0000
,
0001
0000
0000
0000
,
0001
0000
1000
0000
,
0100
0000
0000
0000
,
0100
0000
0001
0000
,
0010
0000
0000
0000
,
0010
0000
1000
0000
,
0100
0000
0000
0000
,
0001
0000
1000
0000
,
0100
0000
0100
0000
,
0100
0000
0100
0000
,
0000
1001
0000
0000
;

//---------------dance-single - ----------------
#NOTES:
     dance-single:
     :
     Challenge:
     10:
     0.928,0.998,0.404,0.043,0.069:
0000
0000
0000
0000
,
0000
0000
0000
0000
,
0000
0000
0000
0000
,
0000
0000
0000
0000
,
0000
0000
0000
0000
,
0000
0000
0000
0000
,
0000
0000
0000
0000
,
0000
0000
0000
0000
,
0010
0100
0010
1000
0010
0100
0001
0000
,
0010
0100
0010
0001
0010
0100
1000
0000
,
0100
0010
0100
0001
0100
0010
0100
1000
,
0010
0100
0001
0000
1000
0100
0010
0000
,
0100
1000
0000
0100
0001
0000
0100
1000
,
0000
0100
0001
0000
0100
0010
0100
0000
,
0010
0001
0010
0100
1000
0100
0010
0000
,
0001
1000
0001
1000
0100
0000
0110
0000
,
1100
0000
1001
0000
0001
0010
0100
1000
,
0100
0010
0001
1000
0000
0010
0100
0001
,
1000
0010
0001
0010
1000
0001
0010
0000
,
0100
1100
1000
1010
,
0101
0000
1001
0000
1000
0010
0100
0001
,
0100
0010
1000
0001
0000
0010
0100
1000
,
0001
1000
0000
1000
0001
1000
0000
1000
0000
0010
0000
0010
0000
0100
0000
0100
,
0001
0010
0001
1000
0001
0100
0010
1000
,
0001
0000
0100
0000
0010
1000
0001
0000
,
1000
0010
1000
0001
1000
0100
0010
0001
,
1000
0000
0100
0000
0010
0001
1000
0000
,
0001
0010
0001
0010
0100
1000
0100
1000
,
0001
1000
0001
1000
0010
0100
0010
0000
,
0100
0000
0001
1000
0000
0001
0010
0000
,
0100
0000
1000
0001
0000
0000
0110
0000
,
1100
0000
1001
0000
0010
1000
0010
0000
,
1000
0010
1000
0001
0000
0100
0010
0100
,
0101
0000
1001
0000
0010
0001
0010
0000
,
0001
0010
0001
1000
0000
0100
0010
0001
,
0011
0000
1001
0000
0100
0001
0100
0000
,
0001
0100
0001
1000
0000
0110
0000
0000
,
0001
0100
0001
0100
0000
0000
0010
1000
0000
1000
0010
0000
0100
0000
0110
0000
,
0001
0000
1000
0000
0001
0010
0001
0000
,
1000
0000
0001
0000
1000
0010
1000
0010
,
1000
0000
0001
1000
0001
0000
1000
0001
,
1000
0000
0001
0010
0001
0000
0010
0100
,
0010
0100
0010
0000
0100
1000
0100
0000
,
0010
0000
0001
0000
0010
0000
0000
0000
0100
0010
0000
0000
1001
0000
0000
0000
,
1100
0000
0011
0001
0100
0010
0100
0001
,
0100
0000
0010
1000
0010
0100
0010
0000
,
0100
0001
1000
0000
0001
1000
0010
0000
,
1000
0010
0100
0000
0010
0100
0010
1000
,
0001
0000
0001
0010
0100
0000
1000
0010
,
0100
0000
0001
1000
0001
0000
0010
0100
,
0010
1000
0001
0000
0010
0100
0010
0000
,
0001
0010
0001
0000
1000
0100
1000
0000
,
1000
0010
1000
0000
0001
0100
0001
0000
,
1000
0001
1000
0000
1000
0010
1000
0000
,
1000
0001
1000
0000
1000
0100
1000
0000
,
0001
1000
0001
0000
0001
0010
0001
0000
,
0001
1000
0001
0000
0001
0100
0001
0000
,
0010
0001
0010
0100
0010
0100
0010
1000
,
0010
0100
0010
0100
0010
0001
0010
0100
,
1000
0100
1000
0001
1000
0010
1000
0010
,
1000
0001
1000
0100
1000
0100
1000
0001
,
0100
0010
0100
0010
0100
0001
0100
0010
,
0100
0010
0100
1000
0100
0010
0100
0002
,
2000
0000
0000
0000
,
0000
0000
0000
3003
,
0001
0010
0100
1000
0001
0000
0001
0000
,
1000
0010
1000
0000
0100
0001
0100
0000
,
0010
1000
0010
0100
0010
1000
0001
0000
,
0011
1001
0101
0110
,
0010
1000
0000
0010
0100
0000
0010
0001
,
0000
0010
0100
0001
0100
0000
0101
0000
,
1001
0000
1000
0010
1000
0000
0100
0001
,
0100
0010
1000
0000
1010
0000
1001
0000
,
1000
0010
0100
0001
1000
0000
1000
0000
,
0001
0010
0001
0000
0100
1000
0100
0000
,
0010
0001
0010
0100
0010
0001
1000
0000
,
1010
1001
1100
0110
,
0010
0001
0000
0010
0100
0000
0010
1000
,
0010
0000
0010
0100
0000
0010
0001
0000
,
0000
0110
0000
0110
0000
0010
0100
0000
,
0101
1001
1010
0110
,
0010
0001
0010
0100
0001
1000
0100
0010
,
1000
0010
0001
0100
0010
1000
0001
0010
,
0100
1000
0001
0010
1000
0010
0100
1000
,
0100
0010
0001
1000
0100
0010
1000
0010
,
1000
0010
0100
1000
0001
0100
0010
0001
,
0010
1000
0100
0010
0001
1000
0010
0100
,
0001
1000
0010
0001
0010
0100
0001
0100
,
0010
1000
0001
0100
0010
1000
0100
0001
,
0100
0010
0001
1000
0010
0100
1000
0100
,
0001
0010
0100
1000
0001
0100
0010
1000
,
0001
0100
1000
0100
0010
1000
0010
0100
,
0001
1000
0010
0100
1000
0100
1000
0100
,
0010
1000
0001
0010
0100
0001
0100
1000
,
0010
0100
0001
1000
0100
0010
0001
0010
,
0100
0010
0000
1000
0010
0000
0100
1000
,
0000
0010
1000
0000
0001
0010
0100
1000
,
0000
2002
0000
0000
,
0000
0000
0000
3003
;

//---------------dance-double - ----------------
#NOTES:
     dance-double:
     :
     Challenge:
     10:
     0.915,0.945,0.404,0.043,0.069:
00000000
00000000
00000000
00000000
,
00000000
00000000
00000000
00000000
,
00000000
00000000
00000000
00000000
,
00000000
00000000
00000000
00000000
,
00000000
00000000
00000000
00000000
,
00000000
00000000
00000000
00000000
,
00000000
00000000
00000000
00000000
,
00000000
00000000
00000000
00000000
,
00000010
00000100
00000010
00001000
00010000
00100000
01000000
00000000
,
10000000
00100000
01000000
00010000
00100000
00001000
00010000
00000000
,
00000100
00000010
00000100
00010000
00000100
00001000
00000010
00010000
,
00001000
00100000
01000000
00000000
10000000
00100000
01000000
00000000
,
00010000
00100000
00000000
00001000
00010000
00000000
00000100
00001000
,
00000000
00000100
00000010
00000000
00000001
00000010
00000001
00000000
,
00000010
00001000
00000010
00001000
00010000
00001000
00010000
00000000
,
01000000
00100000
01000000
00100000
01000000
00000000
11000000
00000000
,
10010000
00000000
00110000
00000000
00001000
00010000
00001000
00010000
,
00000010
00000100
00000001
00001000
00000000
00000100
00000010
00000001
,
00001000
00000010
00000100
00000010
00010000
00001000
00010000
00000000
,
00001000
00101000
00100000
01100000
,
11000000
00000000
10010000
00000000
00010000
00100000
01000000
10000000
,
00010000
00100000
00001000
00010000
00000000
00000010
00000100
00000001
,
00001000
00000010
00000000
00000010
00010000
00001000
00000000
00001000
00000000
00100000
00000000
00100000
00000000
01000000
00000000
01000000
,
10000000
00100000
10000000
00010000
10000000
00100000
00010000
00000000
,
00001000
00000000
00000010
00000000
00000001
00001000
00000001
00000000
,
00000010
00001000
00000010
00001000
00010000
00001000
00100000
00000000
,
01000000
00000000
10000000
00000000
00010000
10000000
00010000
00000000
,
10000000
00100000
10000000
00100000
00010000
00001000
00010000
00001000
,
00000100
00000001
00000100
00000001
00000010
00000100
00000010
00000000
,
00001000
00000000
00010000
00100000
00000000
01000000
00010000
00000000
,
10000000
00000000
00010000
10000000
00000000
00000000
01100000
00000000
,
01010000
00000000
10010000
00000000
00100000
00001000
00100000
00000000
,
00001000
00010000
00001000
00010000
00000000
00000100
00000010
00000100
,
00000110
00000000
00010100
00000000
00010000
00001000
00010000
00000000
,
00001000
00010000
00001000
00100000
00000000
01000000
00100000
01000000
,
01100000
00000000
11000000
00000000
10000000
00010000
10000000
00000000
,
00010000
00100000
00010000
10000000
00000000
11000000
00000000
00000000
,
10000000
01000000
10000000
01000000
00000000
00000000
00100000
00010000
00000000
00010000
00100000
00000000
00001000
00000000
00011000
00000000
,
00000010
00000000
00000100
00000000
00010000
00001000
00010000
00000000
,
00001000
00000000
00100000
00000000
00001000
00010000
00001000
00010000
,
00001000
00000000
00100000
01000000
00100000
00000000
00010000
10000000
,
00010000
00000000
01000000
00100000
01000000
00000000
00001000
01000000
,
00001000
00010000
00001000
00000000
00010000
00001000
00010000
00000000
,
00000100
00000000
00001000
00000000
00000100
00000000
00000000
00000000
00000010
00000001
00000000
00000000
00001100
00000000
00000000
00000000
,
00011000
00000000
00110000
10000000
01000000
00100000
01000000
10000000
,
01000000
00000000
10000000
01000000
10000000
00010000
10000000
00000000
,
00010000
00100000
00001000
00000000
00010000
00001000
00100000
00000000
,
00001000
00010000
00000100
00000000
00001000
00000100
00001000
00000001
,
00001000
00000000
00000001
00000010
00000100
00000000
00010000
00001000
,
00100000
00000000
00010000
00100000
01000000
00000000
00100000
01000000
,
00100000
00010000
10000000
00000000
00010000
00100000
00010000
00000000
,
10000000
01000000
10000000
00000000
00010000
10000000
00010000
00000000
,
00010000
00100000
00010000
00000000
00100000
00001000
00100000
00000000
,
00001000
00010000
00001000
00000000
00001000
00100000
00001000
00000000
,
00010000
00001000
00010000
00000000
00010000
00000100
00010000
00000000
,
00000100
00001000
00000100
00000000
00000100
00000010
00000100
00000000
,
00000010
00000100
00000010
00000000
00000010
00000001
00000010
00000000
,
00000100
00001000
00000100
00010000
00000100
00000000
00000100
00010000
,
00001000
00010000
00001000
00000000
00001000
00010000
00001000
00100000
,
01000000
00000000
01000000
00100000
01000000
10000000
01000000
00000000
,
00100000
01000000
00100000
00010000
00100000
00000000
00100000
01000000
,
10000000
01000000
10000000
00000000
10000000
00010000
10000000
00100000
,
01000000
00000000
01000000
00100000
01000000
00010000
01000000
00200000
,
20000000
00000000
00000000
00000000
,
00000000
00000000
00000000
30300000
,
00010000
00100000
00001000
00010000
00001000
00000000
00001000
00000000
,
00010000
00001000
00010000
00000000
00000100
00010000
00000100
00000000
,
00001000
00000100
00001000
00000001
00001000
00000010
00001000
00000000
,
00001010
00001001
00000101
00000110
,
00000010
00001000
00000000
00000010
00010000
00000000
00001000
00010000
,
00000000
00001000
00010000
00001000
00100000
00000000
00110000
00000000
,
10010000
00000000
10000000
00100000
10000000
00000000
00010000
10000000
,
00010000
00100000
01000000
00000000
01100000
00000000
11000000
00000000
,
10000000
01000000
10000000
00010000
10000000
00000000
10000000
00000000
,
00010000
00100000
00010000
00000000
00100000
00001000
00100000
00000000
,
00010000
00001000
00010000
00000100
00001000
00000100
00001000
00000000
,
00001100
00001001
00000011
00000110
,
00000100
00001000
00000000
00000100
00010000
00000000
00001000
00010000
,
00001000
00000000
00100000
00010000
00000000
00100000
01000000
00000000
,
00000000
01100000
00000000
11000000
00000000
10000000
00010000
00000000
,
10010000
00110000
00101000
00011000
,
00010000
00001000
00010000
00000010
00000100
00000010
00000100
00000001
,
00001000
00000010
00000100
00000001
00001000
00000010
00010000
00001000
,
00010000
00001000
01000000
00010000
01000000
00100000
10000000
00010000
,
00100000
00001000
00010000
00001000
00010000
00000100
00010000
00001000
,
00010000
00001000
00100000
01000000
00100000
01000000
10000000
00010000
,
00100000
01000000
10000000
00010000
00100000
00001000
00010000
00001000
,
00010000
00000100
00001000
00000100
00000010
00000001
00001000
00000010
,
00010000
00001000
00010000
00001000
01000000
00001000
00010000
00001000
,
00010000
00000100
00000010
00000100
00000010
00000001
00001000
00000100
,
00000010
00000001
00001000
00000100
00010000
00001000
00010000
00001000
,
00100000
00010000
00100000
01000000
10000000
00010000
01000000
00001000
,
00010000
00001000
00010000
00000010
00010000
00001000
00010000
00001000
,
00100000
01000000
00100000
01000000
10000000
00010000
00100000
01000000
,
10000000
00010000
00100000
00001000
00010000
00000100
00001000
00000100
,
00000010
00000100
00000000
00000001
00000100
00000000
00000010
00000100
,
00000000
00010000
00001000
00000000
00010000
00000100
00000010
00000100
,
00000000
00002002
00000000
00000000
,
00000000
00000000
00000000
00003003
;
